5 5 6
1 2 1 2
3 2 1 2
2 2 2 1
2 3 2 1 3
2 2 2 1
1 3 1 2 3

5 5 3
1 2 1 2 3
2 2 2 1
3 2 1 2


5 5 6
1 2 1 2
2 3 1 2 3
3 1 1
4 4 1 2 3 4
2 2 1 2
3 1 2

5 5 5
1 2 1 2
3 2 3 4
2 1 5
5 2 2 1
4 2 1 2

5 3 11
1 2 1 2
2 2 1 2
6 2 4 3
3 2 1 2
4 2 1 2
5 2 4 3
7 1 5
8 1 2
9 1 5
10 1 5
11 1 7


5 3 5
1 2 1 2
2 2 2 1
3 2 4 3
4 2 3 4
5 2 1 5

5 3 5
1 2 1 2
2 2 2 1
1 2 4 3
2 2 3 4
5 2 5 6

3 3 4
1 2 1 2
1 2 1 2
2 1 1
3 1 2

5 3 3
1 3 1 2 3
2 3 2 1 3
5 2 2 3



5 3 7
1 3 5 2 3
2 1 4
3 3 1 2 3
4 1 1
5 3 1 2 3
6 1 8
7 3 1 2 3

3 3 3
1 3 4 5 6
2 1 5
3 2 4 5

4 6 4
1 2 7 6
2 1 7
3 2 8 5
4 1 6

4 3 7
2 1 8
1 2 1 2
3 1 8
4 2 8 2 3
5 1 8
6 1 8
7 2 8

4 3 6
4 2 1 2
1 1 9
2 1 8
3 1 9
5 1 8
6 1 7

5 3 4
1 1 2
2 1 2
3 1 2
4 1 2

5 3 5
1 5 1 2 3 4 5
2 1 4
3 1 3
4 1 2
5 5 1 2 3 5 4

5 3 3
1 3 1 2 3
1 3 4 5 6
1 2 1 2

5 3 7
1 3 1 2 3
1 3 1 2 3
1 3 1 2 3
1 3 1 2 3
1 3 1 2 3
1 3 1 2 3
1 3 1 2 3

5 6 7
1 3 1 2 3
2 2 3 2
3 2 3 2
4 2 1 2
5 2 1 2
6 2 4 1
7 1 5

5 5 4
1 2 1 2
2 2 1 8
3 2 1 9
4 3 1 8 9

5 5 5
1 2 1 2
2 2 1 8
3 2 1 9
4 3 1 8 9
5 3 2 3 9

5 5 6
1 2 1 2
2 2 1 8
3 2 1 9
4 3 1 8 9
5 3 2 3 9
6 3 7 8 9

5 5 9
1 3 9 8 1
2 2 1 9
3 2 1 2
4 2 1 8
5 3 2 9 3
6 4 1 8 9 2
7 4 1 8 9 7
8 4 7 8 3 9
9 4 7 8 10 1

5 5 9
1 2 1 2
2 2 1 8
3 2 1 9
4 3 1 8 9
5 3 2 3 9
6 4 1 2 8 9
7 4 1 7 8 9
8 4 1 7 8 10
9 4 3 7 8 9



5 5 9
1 3 9 8 1
2 2 1 9
3 2 1 2
4 2 1 8
5 3 2 9 3
6 4 1 8 9 2
7 4 1 8 9 7
8 4 7 8 3 9
9 2 10 1

5 5 10
1 2 1 2
2 2 2 1
3 1 1
4 2 3 4
5 2 4 3
6 1 4
7 2 5 6
8 2 6 5
9 1 5
10 2 8 9
